   1  64   1   0  0.2285070E+02  0.3000000E+03
  CAR 
 unknown system                          
   0   0   0
   1   1
 256 256 256
 256
  0.1000000E-09
  0.3906250E-11
   1
  0.1000000E-14  0.1135080E-08  0.1135080E-08  0.1135080E-08
  0.2156478E+03  0.2156478E+03
  0.000
  0.000
  0.000
  0.000
  0.000
  0.000
  0.000
  0.000
  0.000
  0.000
  0.000
  0.000
  0.000
  0.000
  0.000
  0.000
  0.000
  0.000
  0.000
  0.000
  0.000
  0.000
  0.000
  0.000
  0.000
  0.000
  0.000
  0.000
  0.000
  0.000
  0.000
  0.000
  0.000
  0.000
  0.000
  0.000
  0.000
  0.000
  0.000
  0.000
  0.000
  0.000
  0.000
  0.000
  0.000
  0.000
  0.000
  0.000
  0.000
  0.000
  0.000
  0.000
  0.000
  0.000
  0.000
  0.000
  0.000
  0.000
  0.000
  0.122
  0.849
  3.792
 10.640
  9.133
  4.347
  1.615
  0.357
  0.074
  0.000
  0.000
  0.000
  0.000
  0.000
  0.000
  0.000
  0.000
  0.000
  0.000
  0.000
  0.000
  0.000
  0.000
  0.000
  0.000
  0.000
  0.000
  0.000
  0.000
  0.000
  0.000
  0.000
  0.000
  0.000
  0.000
  0.000
  0.006
  0.058
  0.215
  0.355
  0.946
  1.916
  4.307
 10.360
  7.717
  4.769
  2.377
  1.130
  0.526
  0.099
  0.013
  0.006
  0.005
  0.024
  0.012
  0.054
  0.206
  0.311
  1.045
  2.237
  3.795
  6.852
  4.595
  3.145
  1.742
  0.735
  0.343
  0.158
  0.036
  0.026
  0.005
  0.000
  0.000
  0.000
  0.000
  0.000
  0.000
  0.000
  0.000
  0.011
  0.031
  0.053
  0.137
  0.326
  0.771
  1.396
  2.632
  1.497
  0.893
  0.516
  0.215
  0.133
  0.069
  0.067
  0.110
  0.215
  0.457
  1.026
  2.524
  4.396
  2.438
  1.721
  0.887
  0.554
  0.170
  0.063
  0.029
  0.006
  0.003
  0.006
  0.012
  0.003
  0.015
  0.051
  0.219
  0.427
  1.211
  2.390
  5.696
  5.239
  3.223
  2.257
  1.367
  0.606
  0.376
  0.244
  0.365
  0.794
  1.663
  3.815
  2.671
  1.827
  1.135
  0.759
  0.344
  0.126
  0.082
  0.027
  0.008
  0.001
  0.012
  0.034
  0.108
  0.244
  0.522
  1.255
  2.437
  1.692
  1.100
  0.690
  0.367
  0.283
  0.388
  0.782
  1.686
  4.002
  3.438
  2.275
  1.503
  0.857
  0.452
  0.282
  0.116
  0.056
  0.019
  0.048
  0.091
  0.278
  0.660
  1.641
  3.872
  2.805
  1.793
  1.248
  0.881
  0.483
  0.386
  0.528
  1.150
  1.853
  0.986
  0.716
  0.464
  0.302
  0.142
  0.051
  0.027
  0.020
  0.035
  0.103
  0.193
  0.438
  1.010
  0.781
  0.554
  0.329
  0.262
